5302153 374934
1921890 294604
88822 286409
84707 266614
687324 154656
81615 146336
5300058 139325
3492254 129952
4189168 123784
1804986 123553
79583 120091
1601519 118170
4015997 99908
896161 99651
1948883 95366
2401294 94442
687618 90263
5115901 89733
434174 87527
77935 82344
1569176 81765
505135 78810
2497500 76037
4189215 72790
3013310 71323
5535280 70096
1603276 69408
5492723 67103
5596267 66648
2437900 65493
686242 63158
2370447 61883
76573 61812
3072654 60232
1650573 58290
1781824 57880
4015913 57294
3997849 56369
4720054 56046
5394902 55594
4813259 54720
74165 54170
964099 53843
1319777 53170
75323 52661
2496936 51493
1201051 51344
4696900 48750
3603437 47314
72989 47034
880698 44717
66877 43949
4089591 43588
1078771 43318
3603035 42672
5303198 42394
1165553 42379
5308545 41051
4351989 40209
313376 39648
2330913 39591
4003069 38845
3240494 38804
275656 38711
5295862 38067
65954 37396
1355876 37377
4490320 36847
1033539 36816
3906702 36762
380090 36599
1386743 36492
4031749 36307
3331185 36016
1921845 35465
4856540 35363
1198405 34780
4002307 34400
3712833 33965
4611853 33937
2768574 33781
65064 33567
3283930 33518
967347 32786
4936083 32785
206622 32521
5275322 32460
5275367 32222
1741340 31934
5303187 31916
774931 31656
1717039 31474
64233 31447
5524334 31374
3850181 31315
3587465 31152
4935409 30995
3607033 30936
3335081 29414
5596263 29076
3674975 28822
63375 28777
2415295 28287
3286001 27923
5303990 27850
5275332 27839
1985683 27736
4861926 27684
4034519 27679
5418528 27596
5252582 27577
4141642 27475
2876678 27156
2231863 27126
62504 27065
4306671 26923
5161737 26734
3662151 26674
4288238 26542
5237340 26542
1045817 26454
380733 26390
61676 26106
59375 25447
60149 25253
60956 25116
508777 25008
3979494 24865
4671409 24581
2640555 24477
630330 24293
3562927 24223
967346 24150
54767 23907
58730 23890
4681238 23746
4954785 23649
5658888 23559
2496661 23367
229601 23197
55891 23117
472437 22988
2070954 22867
57544 22782
5535664 22755
55340 22752
229897 22672
56460 22553
53222 22434
3899776 22398
4693429 22311
57000 22275
58145 22096
53729 22069
472808 22056
2040703 22046
1143931 22020
1770603 21656
3283594 21618
4013399 21600
54267 21417
478879 21367
340597 21329
3942619 21198
4720025 21131
436376 21117
964102 21050
1351346 20792
3751689 20726
530528 20682
3038184 20504
1840972 20000
1745984 19975
51374 19924
4720022 19676
5212415 19640
52772 19555
4353393 19553
590720 19547
4023070 19519
2431653 19518
4611225 19372
52309 19340
1947988 19290
1025198 19261
593589 19223
5601388 19197
3556614 19090
2745168 19043
3915373 18883
51822 18831
594399 18703
50921 18524
1331674 18476
2298361 18393
3088028 18370
1597989 18272
1083259 18268
3372318 18235
50448 18142
3825531 18122
5275368 18071
2377977 17984
2638811 17914
1773129 17837
2354640 17668
49976 17661
3311985 17613
41461 17608
4698528 17475
49544 17428
4307913 17240
1781618 17231
3088035 17165
3260305 17126
2109627 17092
4203248 17089
1345952 17000
48255 16963
3211510 16906
5459095 16901
2876077 16883
1638292 16763
4681890 16750
3721693 16693
1463265 16686
5477621 16603
418279 16574
2261170 16555
1546825 16518
4090384 16518
4218108 16517
481424 16486
3712597 16402
5275365 16384
48677 16285
3662244 16275
46142 16155
418337 16155
47849 16112
1613751 16092
2745111 16061
3211540 16053
3598075 16032
453100 15965
41298 15916
4530332 15907
3992956 15859
2638868 15717
2326128 15662
2894847 15634
1347072 15612
3183390 15581
907257 15547
3766300 15528
4031097 15499
336502 15493
821412 15421
4302220 15342
47506 15258
4529911 15234
4147169 15214
3903981 15213
1593933 15140
3283549 15092
3552725 15052
5404118 15000
4713306 14998
5306145 14955
1842453 14892
2376213 14850
3178338 14836
1665854 14786
3032633 14782
1187884 14707
3662280 14674
2342054 14662
47176 14635
46802 14584
2413410 14581
5281968 14529
5304800 14497
2367662 14493
829323 14483
4863315 14444
1336658 14436
3358859 14435
1054785 14401
3493788 14401
795801 14382
2640698 14282
46477 14246
2496874 14212
649441 14189
41644 14177
3211200 14171
2509303 14168
2640854 14158
4743382 14076
49085 14059
41134 14046
4685159 14030
45466 14025
499026 13999
4482375 13938
1128094 13915
3606573 13875
3916208 13859
4301426 13856
5153370 13844
4771056 13775
2041772 13773
4958677 13730
1781630 13687
192438 13653
4146979 13584
3682045 13554
3766108 13548
5308062 13448
4610525 13365
40964 13364
3169781 13350
1597226 13337
1045819 13318
4116857 13314
2399506 13298
4807478 13223
1250479 13216
4530288 13200
41863 13197
3283602 13137
5388755 13116
4217444 13090
689391 13052
3078798 13039
5241865 13032
3294332 13006
499231 13000
4530335 12980
1715227 12959
3011418 12953
45833 12919
1920018 12913
1331423 12880
3450536 12865
5025110 12832
3350068 12812
1947674 12736
499226 12731
40804 12724
1406569 12656
2640891 12610
3211523 12599
5484996 12581
5388768 12546
2639064 12544
792600 12475
457205 12462
44590 12456
3663394 12456
3493640 12423
2232794 12412
3308066 12406
5535567 12381
434800 12380
2386672 12377
419148 12372
3001892 12368
499059 12366
3032634 12365
2034767 12351
4530296 12343
3766260 12339
4702331 12324
4530319 12322
1231190 12321
44868 12280
4530099 12273
421957 12264
45172 12250
5388704 12239
3681859 12219
2638853 12196
4080285 12155
499221 12129
4067059 12121
3601591 12118
1173045 12117
5388797 12110
44051 12103
2496926 12037
42119 12035
4487157 12012
4897616 11991
4073785 11987
4529923 11984
2983253 11980
2239906 11972
2712233 11970
3712891 11970
3389645 11947
418301 11937
499149 11898
4530185 11889
1215638 11888
3712864 11881
44311 11856
4530263 11851
5132591 11849
43500 11832
4530075 11831
3712736 11823
4529915 11810
1081085 11777
1031569 11772
5308413 11765
4530304 11741
499029 11732
499299 11727
437972 11724
4747397 11711
4530392 11702
2638846 11699
4530255 11684
3266921 11675
499315 11659
3712654 11657
2640826 11649
499286 11642
3283978 11641
822984 11634
4530382 11610
3211248 11607
4530118 11607
3712600 11582
42663 11578
4530091 11578
5300727 11555
2414431 11542
3211475 11540
43225 11529
3008781 11523
42392 11520
43747 11512
3712886 11493
3682081 11486
4530280 11484
3283555 11481
3283629 11467
4530374 11460
323105 11444
1150772 11443
499236 11432
3952147 11430
418628 11429
4530110 11411
3682076 11391
4530125 11371
40612 11361
2367213 11355
3712914 11326
4530312 11325
3712827 11324
4335217 11321
2639112 11313
3513813 11310
4530083 11307
499309 11303
1331438 11302
1912082 11301
487833 11257
1264295 11240
3391195 11238
2640611 11233
418649 11227
3284008 11218
4530134 11214
42967 11212
499278 11200
4530271 11188
2639106 11180
1715478 11174
1939238 11174
3283564 11174
3682054 11170
3211336 11166
3211279 11144
3712921 11119
3484225 11116
4530365 11099
1168426 11092
1715261 11088
3283836 11077
3682288 11061
2638860 11055
1715348 11047
687300 11041
852945 11039
3682265 10983
499256 10976
2996166 10973
4531628 10962
2496701 10961
2984141 10958
3283572 10953
4530182 10943
3712876 10940
3283826 10937
2640803 10926
5302814 10920
3283866 10907
418668 10906
418291 10898
3211423 10890
5371022 10889
1608243 10885
418576 10884
2640560 10881
2639144 10880
4530357 10880
3283856 10875
418562 10867
1715269 10866
418448 10865
1147874 10862
2640775 10862
3283739 10858
4508407 10855
418607 10853
2638816 10849
418624 10846
1125409 10842
5389668 10831
2639122 10830
2107329 10824
2638932 10815
2373313 10810
1331701 10804
2640814 10790
418598 10776
418588 10773
2640639 10769
3211484 10762
1715231 10761
499091 10757
3283735 10755
3312359 10755
3211466 10743
3211204 10740
2640795 10738
418552 10733
499241 10729
418367 10722
2640583 10711
3712739 10693
5390315 10691
1749203 10687
418521 10684
4438263 10682
2640573 10680
3211555 10680
2640602 10678
3031981 10676
3283999 10667
499266 10664
2640650 10658
3283946 10658
499053 10645
40382 10644
3682232 10644
3937218 10631
418310 10630
3211227 10624
3712637 10621
499099 10610
3283646 10610
418658 10600
4046884 10589
3211233 10586
499321 10583
2640902 10580
3284022 10572
418542 10565
2496681 10557
3283965 10557
1715434 10546
4530349 10546
499043 10541
3283988 10537
3211447 10534
2640832 10533
1331452 10532
2640910 10527
336271 10519
499304 10514
1715245 10513
2639057 10510
3682048 10509
3682295 10509
2640883 10508
2640820 10501
2638883 10498
3283617 10494
1051918 10492
2639028 10492
851455 10485
3283660 10473
1149539 10466
3211271 10465
1735245 10462
3211265 10459
2640781 10456
3283847 10452
228846 10450
2638875 10445
3682274 10445
3739554 10441
2638833 10439
418442 10435
3682283 10435
1715521 10430
2640592 10423
418357 10414
1715441 10411
499080 10402
3211437 10393
418329 10380
3211457 10380
499251 10370
1715289 10370
418682 10359
2639092 10359
3211562 10355
3712606 10354
2639079 10351
499246 10349
1715352 10348
3437442 10345
1788441 10340
2496930 10338
4611415 10332
2640789 10328
1715538 10327
3682212 10326
3211549 10324
3712664 10324
3824563 10322
681825 10313
3682154 10310
2496709 10306
3211209 10304
499294 10296
3283581 10296
2496784 10293
2640621 10287
499086 10285
2638928 10279
1331693 10278
3712659 10278
3819072 10277
1715532 10275
418706 10270
3211330 10267
3211495 10267
3283915 10260
3211514 10256
3211570 10256
418531 10255
2496888 10248
2640867 10246
2640630 10243
3211256 10243
2639173 10241
3211429 10240
3283935 10240
2784007 10238
2496667 10218
1219904 10214
2638823 10213
3671032 10207
1331443 10204
1715472 10204
1715427 10201
3211578 10197
499144 10184
3254493 10179
418346 10175
2639039 10167
1331710 10162
2639071 10162
3682278 10162
3712870 10155
499037 10149
3682151 10144
3682086 10129
3283893 10123
4639497 10122
3712670 10120
516780 10119
3211238 10119
2639086 10116
2640693 10112
3854045 10109
2496947 10107
418381 10096
3712649 10094
418320 10082
2496860 10077
3175247 10074
5168528 10073
5477568 10073
499275 10064
3283884 10064
2639048 10059
2496716 10052
1715455 10048
2639130 10048
5576341 10041
1331447 10037
2496979 10037
598837 10035
1715462 10023
1331427 10021
1331687 10016
1715237 10015
1037067 10013
1715252 10013
2638839 10011
3283874 10010
1331524 10006
1198895 10004
1715449 10004
3401067 10002
2640848 9999
1715512 9998
3682262 9997
418691 9996
1331432 9992
3712822 9990
2496956 9987
3712843 9977
2639102 9955
2496674 9947
2152782 9946
2640918 9942
4096317 9942
3712940 9931
3355262 9925
3712838 9925
2496723 9924
1715307 9915
2496881 9911
2496894 9909
3682300 9908
1715298 9901
4203242 9901
3712933 9886
3682099 9882
3682069 9881
4020234 9864
2496868 9859
3682095 9858
499048 9856
2496909 9856
1715504 9823
2109662 9810
1544066 9808
1165699 9798
2639166 9798
2426471 9789
2496917 9788
1331456 9785
1715283 9782
5185303 9781
2496695 9778
3712678 9775
3712849 9754
3968465 9750
2496965 9741
1331465 9734
1456188 9729
1331520 9721
1331619 9717
3682060 9716
3739854 9703
4090618 9700
2639137 9698
1331472 9694
1912777 9681
3682219 9673
1331681 9672
2496986 9659
3682064 9655
2496731 9651
2217423 9650
5306799 9643
1331460 9597
1715492 9595
3682252 9591
3554090 9585
3712641 9583
2496972 9575
1700252 9573
3682256 9563
3712815 9563
1523218 9558
755255 9526
1331666 9522
2258637 9491
1331717 9483
3842387 9471
1715544 9464
1467036 9454
1300332 9442
3682248 9434
3712809 9424
2496779 9407
3712856 9403
1741616 9392
1606282 9391
1025249 9382
2496900 9375
5594302 9358
2496688 9339
3031395 9336
2882951 9335
3562658 9327
2623643 9324
2401004 9297
4868818 9280
250175 9241
3682226 9236
3682238 9221
2228454 9199
1455839 9189
1356081 9152
692974 9148
4438279 9130
487092 9117
1670218 9114
340621 9079
3790986 9063
1586023 9060
3682243 9055
3098344 9049
4003966 9043
3491377 9025
3628378 8965
2396232 8937
2233817 8935
1652889 8931
1685482 8930
1331626 8920
1136810 8907
160520 8901
1153751 8889
524216 8885
3464282 8875
1690696 8866
5298613 8825
3757116 8821
1153078 8806
3769317 8806
3498305 8788
4638900 8772
509959 8745
40168 8737
2396906 8734
4300289 8719
4652484 8718
5535583 8712
2159971 8711
2437507 8708
2171774 8704
5312512 8700
39752 8696
4942445 8655
1348387 8652
39973 8638
2139807 8611
2724948 8594
3357264 8586
1935785 8522
3299769 8492
3662563 8491
1130514 8459
1782735 8452
1331669 8446
381068 8442
1406560 8441
1331656 8424
3613145 8386
4669945 8369
2837195 8351
4721618 8338
249889 8333
5426753 8317
2724356 8306
5001926 8305
440919 8274
626485 8270
1331630 8251
1640751 8249
36493 8246
4942960 8243
190105 8242
4348580 8222
3333311 8221
3025762 8201
4260573 8196
4120391 8170
273064 8169
3000620 8162
1015849 8159
39549 8151
1767021 8137
1767022 8136
5116839 8127
1767073 8126
1767070 8123
3447019 8121
3000383 8108
5242787 8108
3000061 8107
39158 8103
3000388 8103
3000063 8099
3030824 8099
3045583 8098
3000062 8096
3000420 8094
3000506 8093
3016343 8092
3000426 8089
3000415 8086
3026061 8084
1975069 8069
1331646 8066
5386039 8065
3512739 8054
1331661 8034
3483307 8032
4002688 8026
1380146 7994
4026502 7981
3516266 7977
1506476 7975
36631 7969
2533526 7960
4344319 7923
1331651 7911
1920395 7908
1162652 7867
462315 7861
142335 7849
4203348 7848
314708 7847
5390496 7843
3193642 7828
4145480 7822
4092146 7818
3563041 7815
4869756 7780
566857 7758
2762363 7748
4265180 7747
489491 7741
921275 7727
1922062 7719
2996133 7716
206739 7702
262606 7676
1353370 7666
36372 7654
3944387 7651
38572 7647
3049054 7642
36811 7636
5242440 7636
1529483 7618
1744518 7601
38771 7582
4203263 7581
3937238 7580
39347 7570
4079705 7561
884590 7541
4152882 7513
3569235 7508
5303315 7508
4949244 7493
4794828 7483
2374802 7461
755222 7455
3819212 7436
3299197 7433
2846268 7426
37013 7423
3456572 7397
2500342 7393
