5302153 0.00220936
84707 0.00140998
88822 0.00135868
1921890 0.00125292
5300058 0.00101086
81615 0.000866752
1804986 0.000733324
5535280 0.000724371
5535664 0.000657531
896161 0.000649797
79583 0.000617539
1601519 0.00060417
687324 0.000600368
1948883 0.000584941
5308545 0.000551319
505135 0.00052906
1603276 0.000517961
2640611 0.000510518
5596267 0.000506963
2497500 0.0004851
2995510 0.000469829
1650573 0.00046395
2370447 0.000449592
77935 0.000436586
2437900 0.000403522
3492254 0.000398114
4141787 0.000395312
2401294 0.00039141
4189168 0.00038678
687618 0.000379016
3988566 0.0003697
3072654 0.000364411
434174 0.000355826
4351989 0.000343261
4015997 0.000341521
4696900 0.000341397
686242 0.000339761
76573 0.000338253
2876077 0.000333368
1386743 0.000328362
3603437 0.000326014
5115901 0.000322148
478879 0.000319071
5492723 0.000307401
4302220 0.000291846
3997849 0.000290871
74165 0.000290281
1033539 0.000284991
75323 0.000281307
4089591 0.000280808
3587465 0.000274686
181909 0.000270423
4490320 0.000261653
4015913 0.000261612
1840972 0.000258916
4856540 0.000256768
880698 0.000252064
5596263 0.000250506
3603035 0.000250099
72989 0.000248781
3013310 0.000247699
3915373 0.000243124
3850181 0.000242928
4693429 0.000239753
1947988 0.000237891
3607033 0.000236343
1319777 0.000234563
3662151 0.000231497
380090 0.000229949
4306671 0.000228616
4720025 0.000227691
1781824 0.000224614
66877 0.000221611
2041772 0.000221156
774931 0.000221115
3335081 0.000220535
4861926 0.000215952
4936083 0.000214893
3331185 0.000208687
229601 0.000206239
1569176 0.000204648
3674975 0.000202682
4189215 0.000197209
1741340 0.000192542
2415295 0.000192259
472437 0.000190483
65954 0.000186508
4681238 0.000186449
2496661 0.000185533
5477621 0.0001852
2040703 0.000184511
3266921 0.000183983
630330 0.0001829
421957 0.000181829
4003069 0.000180662
4720054 0.000180401
4698528 0.000179997
4353393 0.00017919
508777 0.000177628
4023070 0.000176721
