5302153 0.00222766
84707 0.00142018
88822 0.00136995
1921890 0.00126278
5300058 0.00101725
81615 0.000873097
1804986 0.000736552
5535280 0.000728076
5535664 0.000657204
896161 0.000655401
79583 0.000622667
1601519 0.00060847
687324 0.000603935
1948883 0.00058831
5308545 0.000555066
505135 0.000533199
1603276 0.000518677
5596267 0.000509996
2497500 0.000489657
2995510 0.000473783
1650573 0.000466185
2370447 0.000450751
77935 0.000439959
2437900 0.000404997
4141787 0.000404123
3492254 0.000403592
2401294 0.000396123
4189168 0.000392232
687618 0.000382841
3988566 0.000369928
3072654 0.00036702
434174 0.000360483
4015997 0.000346056
4351989 0.00034455
4696900 0.000343421
686242 0.00034329
76573 0.000341008
2876077 0.000330859
3603437 0.000329289
1386743 0.00032727
5115901 0.000325344
478879 0.000324582
5492723 0.000309588
3997849 0.000294498
74165 0.000292704
4302220 0.000291798
1033539 0.000285522
75323 0.000283542
4089591 0.000279796
3587465 0.00027617
181909 0.000271761
4015913 0.000264625
4490320 0.000263218
1840972 0.000259066
4856540 0.000258426
880698 0.000254562
3603035 0.000252411
3013310 0.000251944
5596263 0.00025169
72989 0.000250873
3915373 0.00024456
3850181 0.000244044
4693429 0.000240635
1947988 0.000238106
3607033 0.000237986
1319777 0.000237362
3662151 0.000233375
380090 0.000232213
4720025 0.000230844
4306671 0.000230207
1781824 0.000227862
66877 0.000223598
774931 0.000222613
3335081 0.000222278
2041772 0.000219714
4861926 0.000217575
4936083 0.000217422
3331185 0.000210254
1569176 0.000207339
229601 0.000206792
3674975 0.000203975
4189215 0.000200073
1741340 0.00019489
2415295 0.000193422
472437 0.000191198
65954 0.000188122
4681238 0.000187424
2496661 0.000187003
5477621 0.000186809
2040703 0.000185093
630330 0.000183908
4720054 0.000182497
4003069 0.0001813
3266921 0.000180469
4698528 0.000180205
421957 0.000180134
4353393 0.000179159
508777 0.000178651
4023070 0.000177537
2496936 0.000175277
