5308545 0.00304369
5302153 0.00228777
1921890 0.00205034
687324 0.00158252
88822 0.00123752
84707 0.00118954
5300058 0.000859021
3492254 0.000852523
1804986 0.000829547
4189168 0.00082092
687618 0.000787974
1601519 0.000740804
896161 0.00064562
3915373 0.000625695
81615 0.000625467
2401294 0.000605807
2370447 0.000543413
686242 0.000507369
1948883 0.000492182
505135 0.000490056
79583 0.000481599
2497500 0.000479041
4813259 0.000464092
5394902 0.000427467
4189215 0.000418115
1781824 0.000403935
4003069 0.000401881
4306671 0.00038888
1603276 0.000387215
5115901 0.000349128
1355876 0.000347963
5535664 0.000347502
1920395 0.000342364
5243336 0.000337211
77935 0.000336512
4936083 0.000330175
2437900 0.000328246
1650573 0.000328227
275656 0.000325794
1165553 0.000318766
5492723 0.000312477
380090 0.000307072
3072654 0.00030619
2330913 0.000296159
5535280 0.000295846
5596267 0.000295287
3997849 0.000290544
76573 0.00028208
4015997 0.000278895
4089591 0.000266646
3988566 0.00026379
3603437 0.000259466
206622 0.000250157
1386743 0.000243902
880698 0.000243299
4696900 0.000241915
74165 0.00024015
5185303 0.000239888
1569176 0.000237826
3674975 0.000236988
75323 0.000233066
4351989 0.000226244
1033539 0.000225824
1741340 0.000224639
4856540 0.000223306
4490320 0.000222973
313376 0.000220645
3979494 0.000220505
434174 0.000217225
5601388 0.000211767
3607033 0.000210878
774931 0.000210079
3603035 0.000207484
4482375 0.000205752
72989 0.000203615
380733 0.000201126
181909 0.000200852
4015913 0.000200658
3587465 0.000194781
66877 0.000190431
1045817 0.000190017
1319777 0.000189898
821412 0.000181231
3992956 0.000180736
1142648 0.000175147
2415295 0.000172417
4487654 0.000171222
65954 0.000170158
4611853 0.000169328
1773129 0.000168003
3331185 0.000167596
4288238 0.000167194
3013310 0.00016718
3335081 0.000164056
3850181 0.000161522
5252582 0.000159251
1198405 0.000156433
964099 0.000149442
1597989 0.000149073
1187884 0.000148183
